0 0.1765625 0.99921875 0.0015625 0.0015625
1 0.52421875 0.1046875 0.77890625 0.15390625
1 0.525 0.39375 0.78203125 0.14296875
1 0.5296875 0.6953125 0.79140625 0.13828125
1 0.52265625 0.95625 0.7734375 0.0875
0 0.23359375 0.10234375 0.05625 0.10546875
0 0.32890625 0.10625 0.06484375 0.10703125
0 0.7046875 0.0984375 0.06640625 0.096875
0 0.79765625 0.1 0.05859375 0.0953125
0 0.234375 0.3921875 0.05625 0.10625
0 0.3234375 0.3921875 0.06640625 0.10859375
0 0.70703125 0.39296875 0.06875 0.09921875
0 0.8 0.3890625 0.0609375 0.10625
0 0.23671875 0.7015625 0.059375 0.1109375
0 0.32265625 0.6984375 0.0734375 0.10546875
0 0.70546875 0.69375 0.07109375 0.11171875
0 0.8 0.68828125 0.0578125 0.084375
0 0.234375 0.96796875 0.05390625 0.0640625
0 0.328125 0.971875 0.0625 0.05625
0 0.70546875 0.96875 0.0703125 0.0625
0 0.7984375 0.96640625 0.06171875 0.06640625