1 0.51640625 0.67734375 0.7953125 0.1359375
1 0.525 0.3515625 0.790625 0.1609375
1 0.5203125 0.0359375 0.78203125 0.071875
0 0.3078125 0.69296875 0.0359375 0.078125
0 0.2453125 0.6921875 0.03125 0.078125
0 0.31015625 0.35625 0.03515625 0.07734375
0 0.24375 0.35390625 0.02890625 0.075
0 0.7234375 0.35390625 0.03671875 0.078125
0 0.7875 0.35859375 0.03828125 0.07578125
0 0.721875 0.67578125 0.0375 0.078125
0 0.7859375 0.67421875 0.04140625 0.08671875
0 0.71796875 0.02734375 0.0390625 0.0546875
0 0.7875 0.02734375 0.0421875 0.05390625
0 0.31015625 0.028125 0.0359375 0.05390625
0 0.24453125 0.02734375 0.0265625 0.0515625