1 0.5234375 0.6953125 0.7703125 0.109375
1 0.52265625 0.353125 0.76328125 0.11875
1 0.5171875 0.028125 0.76796875 0.05625
0 0.24375 0.70078125 0.02578125 0.08203125
0 0.30859375 0.7 0.034375 0.0796875
0 0.72109375 0.69765625 0.03671875 0.08125
0 0.7875 0.69765625 0.03203125 0.084375
0 0.78671875 0.359375 0.0328125 0.08046875
0 0.721875 0.3578125 0.034375 0.08359375
0 0.721875 0.021875 0.0359375 0.0421875
0 0.78671875 0.0203125 0.0328125 0.03984375
0 0.2421875 0.0171875 0.028125 0.034375
0 0.3078125 0.02109375 0.034375 0.04140625
0 0.2421875 0.35625 0.02734375 0.0859375
0 0.309375 0.35625 0.0328125 0.07890625