0 0.24609375 0.72109375 0.0265625 0.084375
0 0.31484375 0.7234375 0.0296875 0.0875
0 0.3125 0.37421875 0.0328125 0.075
0 0.24765625 0.3734375 0.025 0.0734375
0 0.3140625 0.04296875 0.034375 0.075
0 0.24765625 0.0390625 0.02734375 0.07265625
0 0.72421875 0.04453125 0.03359375 0.0765625
0 0.79140625 0.0453125 0.03203125 0.075
0 0.7921875 0.371875 0.03359375 0.07578125
0 0.725 0.37265625 0.0328125 0.07734375
0 0.72578125 0.70625 0.03046875 0.08359375
0 0.79375 0.69921875 0.0265625 0.08828125
1 0.51484375 0.71640625 0.7671875 0.1078125
1 0.5203125 0.37109375 0.76953125 0.1078125
1 0.52421875 0.0453125 0.77265625 0.090625