0 0.24296875 0.0890625 0.0265625 0.0734375
0 0.3078125 0.090625 0.0359375 0.07265625
0 0.24296875 0.39296875 0.02734375 0.0734375
0 0.30859375 0.39453125 0.03359375 0.0734375
0 0.24375 0.715625 0.02734375 0.078125
0 0.30703125 0.715625 0.034375 0.078125
0 0.721875 0.7140625 0.0328125 0.07421875
0 0.78671875 0.7140625 0.03203125 0.07734375
0 0.72265625 0.39296875 0.03046875 0.0765625
0 0.78671875 0.390625 0.03515625 0.07890625
0 0.721875 0.08984375 0.0328125 0.078125
0 0.78515625 0.09140625 0.0328125 0.075
1 0.5234375 0.084375 0.77578125 0.11640625
1 0.5203125 0.38828125 0.7734375 0.10546875
1 0.52265625 0.7109375 0.77109375 0.1125