1 0.52421875 0.6921875 0.775 0.11875
1 0.525 0.34765625 0.771875 0.1234375
1 0.52421875 0.02421875 0.771875 0.0484375
0 0.246875 0.7 0.025 0.07890625
0 0.31171875 0.7 0.03046875 0.078125
0 0.3125 0.3515625 0.034375 0.0796875
0 0.24609375 0.346875 0.02890625 0.075
0 0.2453125 0.01796875 0.028125 0.0359375
0 0.31171875 0.0171875 0.0328125 0.034375
0 0.725 0.684375 0.03125 0.08203125
0 0.79140625 0.68359375 0.0328125 0.0796875
0 0.72421875 0.34765625 0.034375 0.08203125
0 0.79140625 0.3484375 0.0296875 0.0796875
0 0.79140625 0.015625 0.03125 0.03046875
0 0.725 0.0140625 0.03046875 0.028125