0 0.2375 0.70234375 0.02890625 0.08046875
0 0.30234375 0.69921875 0.03515625 0.0796875
0 0.7171875 0.69453125 0.0328125 0.08203125
0 0.78125 0.696875 0.03125 0.08203125
0 0.784375 0.3484375 0.03359375 0.07890625
0 0.71796875 0.3484375 0.03515625 0.08125
0 0.78359375 0.01953125 0.03203125 0.0390625
0 0.71796875 0.021875 0.03359375 0.04375
0 0.2375 0.0265625 0.028125 0.05234375
0 0.3015625 0.025 0.034375 0.05
0 0.2375 0.3609375 0.03125 0.07890625
0 0.3015625 0.35703125 0.03203125 0.07890625
1 0.51484375 0.7 0.7671875 0.10703125
1 0.50703125 0.359375 0.7734375 0.125
1 0.51328125 0.03125 0.76640625 0.0625