1 0.52578125 0.16171875 0.7765625 0.121875
1 0.52265625 0.46484375 0.77578125 0.1328125
1 0.52109375 0.77265625 0.77734375 0.10625
0 0.24453125 0.1609375 0.025 0.071875
0 0.30859375 0.1609375 0.03125 0.07421875
0 0.24609375 0.465625 0.0265625 0.0734375
0 0.30859375 0.465625 0.03046875 0.07265625
0 0.2453125 0.775 0.02734375 0.0734375
0 0.31015625 0.77734375 0.03125 0.07265625
0 0.725 0.77890625 0.03046875 0.071875
0 0.7890625 0.7796875 0.03203125 0.07265625
0 0.72578125 0.47109375 0.0328125 0.07109375
0 0.7875 0.47265625 0.03046875 0.07890625
0 0.78984375 0.16796875 0.028125 0.06640625
0 0.725 0.165625 0.03203125 0.0703125