1 0.5171875 0.20703125 0.77109375 0.13359375
1 0.51796875 0.51484375 0.7765625 0.12734375
1 0.515625 0.83046875 0.77578125 0.121875
0 0.7793159609375 0.178243775 0.7793159609375 0.18086500625 0.778501628125 0.18086500625 0.778501628125 0.1861074703125 0.777687296875 0.1861074703125 0.7768729640625 0.19397116718750002 0.77605863125 0.19397116718750002 0.77605863125 0.1979030140625 0.7752443 0.1979030140625 0.7752443 0.21887287031249997 0.77605863125 0.21887287031249997 0.77605863125 0.22280471875000002 0.7768729640625 0.22280471875000002 0.777687296875 0.2280471828125 0.778501628125 0.2280471828125 0.780944625 0.233289646875 0.782573290625 0.233289646875 0.782573290625 0.23460026250000002 0.7842019546875 0.23460026250000002 0.7842019546875 0.23591087812499997 0.793159609375 0.23591087812499997 0.793159609375 0.23722149374999998 0.798859934375 0.23591087812499997 0.798859934375 0.23460026250000002 0.8004886000000001 0.23460026250000002 0.8004886000000001 0.233289646875 0.8029315953125 0.2306684140625 0.8029315953125 0.2280471828125 0.8037459281249999 0.2280471828125 0.8037459281249999 0.22280471875000002 0.8045602609375001 0.22280471875000002 0.8037459281249999 0.19003931875 0.8029315953125 0.19003931875 0.8021172640625001 0.179554390625 0.8013029312500001 0.179554390625 0.8004886000000001 0.1743119265625 0.7996742671875 0.1743119265625 0.798859934375 0.1716906953125 0.7972312703125 0.1716906953125 0.7972312703125 0.170380078125 0.7842019546875 0.170380078125 0.7842019546875 0.1716906953125 0.782573290625 0.1716906953125 0.782573290625 0.17300131093749999 0.78013029375 0.1756225421875 0.78013029375 0.178243775 0.7793159609375 0.178243775
0 0.736970684375 0.21887287031249997 0.7312703578125 0.1743119265625 0.72394136875 0.1651376140625 0.719055375 0.1651376140625 0.7076547234375 0.18086500625 0.7076547234375 0.22411533437500003 0.7133550484375 0.23722149374999998 0.7247557 0.2437745734375 0.7353420203125001 0.23460026250000002 0.736970684375 0.21887287031249997
0 0.3175895765625 0.23591087812499997 0.32328990156250004 0.22411533437500003 0.3257328984375 0.18086500625 0.31921824062500004 0.16644823125 0.31188925156249997 0.1651376140625 0.2964169375 0.170380078125 0.2890879484375 0.178243775 0.28990227968750004 0.21887287031249997 0.293159609375 0.2280471828125 0.30293159531249997 0.23591087812499997 0.3175895765625 0.23591087812499997
0 0.25488599375 0.2280471828125 0.257328990625 0.191349934375 0.255700325 0.17300131093749999 0.252442996875 0.1651376140625 0.237785015625 0.1625163828125 0.2263843640625 0.1690694625 0.222312703125 0.179554390625 0.21986970625 0.233289646875 0.22394136874999998 0.2398427265625 0.24267100937500002 0.2398427265625 0.25488599375 0.2280471828125
0 0.7361563515625 0.5334207078125 0.7361563515625 0.4914809953125 0.7337133546875 0.482306684375 0.7182410421875 0.4770642203125 0.7076547234375 0.484927915625 0.7076547234375 0.52817824375 0.7125407171875 0.5439056359375 0.722312703125 0.5543905640625 0.7304560265625 0.5465268671875 0.7361563515625 0.5334207078125
0 0.8045602609375001 0.5452162515625 0.8078175890624999 0.5334207078125 0.8070032578124999 0.482306684375 0.7996742671875 0.4770642203125 0.7817589578125 0.4770642203125 0.77605863125 0.482306684375 0.772801303125 0.49279161250000003 0.7711726390625 0.5321100921874999 0.7817589578125 0.547837484375 0.7996742671875 0.550458715625 0.8045602609375001 0.5452162515625
0 0.8037459281249999 0.8636959375 0.8070032578124999 0.854521625 0.8053745921875001 0.8256880734375001 0.8102605859375 0.796854521875 0.8013029312500001 0.7889908250000001 0.7817589578125 0.7889908250000001 0.7736156359375 0.7981651375000001 0.77035830625 0.8256880734375001 0.7711726390625 0.8479685453125001 0.7744299671875 0.8571428578125 0.782573290625 0.86631716875 0.8037459281249999 0.8636959375
0 0.32328990156250004 0.8047182171875 0.318403909375 0.7916120578125 0.3053745921875 0.7889908250000001 0.29071661249999997 0.7981651375000001 0.2874592828125 0.8466579296875001 0.29397394062500004 0.8597640890625 0.3175895765625 0.8623853218749999 0.32328990156250004 0.8466579296875001 0.32328990156250004 0.8047182171875
0 0.252442996875 0.8610747046875 0.257328990625 0.8505897765625001 0.257328990625 0.8138925296874999 0.2532573296875 0.79554390625 0.23859934843750003 0.7903014421875 0.23045602656250003 0.7929226734375 0.22557003281250002 0.7994757531250001 0.22557003281250002 0.85190039375 0.2312703578125 0.8623853218749999 0.24674267031250002 0.8636959375 0.252442996875 0.8610747046875
0 0.7203125 0.82109375 0.0359375 0.065625
0 0.3046875 0.51328125 0.03515625 0.0609375
0 0.23984375 0.5109375 0.034375 0.07578125