1 0.52734375 0.57109375 0.78046875 0.128125
1 0.52421875 0.278125 0.77578125 0.13125
1 0.534375 0.88125 0.76328125 0.12421875
1 0.5265625 0.01796875 0.78515625 0.03515625
0 0.246875 0.884375 0.03046875 0.07109375
0 0.31171875 0.8890625 0.03203125 0.07109375
0 0.72421875 0.88125 0.03359375 0.07109375
0 0.790625 0.88515625 0.034375 0.0671875
0 0.790625 0.58046875 0.03515625 0.07578125
0 0.72421875 0.57578125 0.03046875 0.071875
0 0.3109375 0.57265625 0.0375 0.0671875
0 0.24453125 0.56953125 0.02578125 0.06484375
0 0.24609375 0.28203125 0.02734375 0.06328125
0 0.3109375 0.2859375 0.03671875 0.0734375
0 0.725 0.278125 0.03203125 0.07421875
0 0.790625 0.27734375 0.03515625 0.06953125
0 0.7875 0.00859375 0.03046875 0.0171875
0 0.72265625 0.00703125 0.03046875 0.0140625