1 0.52578125 0.14921875 0.79765625 0.13359375
1 0.52109375 0.4703125 0.80234375 0.12734375
1 0.525 0.78671875 0.7984375 0.1171875
0 0.246875 0.14453125 0.0359375 0.0875
0 0.31328125 0.146875 0.03515625 0.084375
0 0.72578125 0.1484375 0.0359375 0.08125
0 0.78984375 0.153125 0.04296875 0.08671875
0 0.24765625 0.4703125 0.03515625 0.08046875
0 0.3140625 0.46796875 0.0421875 0.08515625
0 0.7234375 0.46953125 0.03671875 0.0765625
0 0.78984375 0.47109375 0.0359375 0.08046875
0 0.246875 0.7921875 0.03359375 0.0828125
0 0.31171875 0.79375 0.03671875 0.0859375
0 0.725 0.790625 0.0375 0.08515625
0 0.790625 0.7921875 0.0375 0.08203125