1 0.52109375 0.83515625 0.7609375 0.1140625
1 0.5203125 0.43359375 0.775 0.11484375
1 0.52109375 0.0734375 0.775 0.146875
0 0.240625 0.06640625 0.0296875 0.0828125
0 0.30546875 0.07265625 0.03828125 0.08671875
0 0.71875 0.075 0.03671875 0.08671875
0 0.78515625 0.07890625 0.0359375 0.084375
0 0.78671875 0.4375 0.034375 0.0875
0 0.71953125 0.434375 0.0390625 0.08828125
0 0.30625 0.44375 0.0359375 0.08203125
0 0.240625 0.44296875 0.028125 0.08984375
0 0.24140625 0.8375 0.0328125 0.09140625
0 0.30546875 0.83828125 0.03515625 0.090625
0 0.72109375 0.82578125 0.03359375 0.0859375
0 0.78671875 0.82578125 0.0390625 0.08359375