1 0.5203125 0.2015625 0.74921875 0.1203125
1 0.525 0.50625 0.7734375 0.121875
1 0.528125 0.8015625 0.7390625 0.09296875
0 0.24375 0.2046875 0.0296875 0.06640625
0 0.3078125 0.21015625 0.03515625 0.06953125
0 0.7203125 0.2109375 0.0359375 0.065625
0 0.7875 0.209375 0.03125 0.0625
0 0.24453125 0.50703125 0.03515625 0.06796875
0 0.31015625 0.51015625 0.034375 0.07109375
0 0.72421875 0.51328125 0.034375 0.06796875
0 0.78671875 0.509375 0.03046875 0.05703125
0 0.2453125 0.8078125 0.0328125 0.05625
0 0.30859375 0.8140625 0.03671875 0.06484375
0 0.72265625 0.81015625 0.03515625 0.06640625
0 0.7890625 0.8109375 0.0296875 0.0671875