1 0.5484375 0.7953125 0.74296875 0.115625
1 0.53046875 0.503125 0.73984375 0.15078125
1 0.5390625 0.1765625 0.740625 0.13046875
0 0.788273615625 0.530799475 0.8045602609375001 0.526867628125 0.8175895765625001 0.5111402359375 0.8167752437500001 0.503276540625 0.8118892515624999 0.49541284374999994 0.8102605859375 0.4783748359375 0.8045602609375001 0.4770642203125 0.8021172640625001 0.47051114062500005 0.7915309453125 0.47051114062500005 0.783387621875 0.4757536046875 0.780944625 0.4901703796875 0.777687296875 0.49410222812500004 0.7793159609375 0.5203145484375 0.7817589578125 0.526867628125 0.788273615625 0.530799475
0 0.7133550484375 0.5124508515625 0.71416938125 0.526867628125 0.719055375 0.5334207078125 0.7345276875 0.5334207078125 0.742671009375 0.5203145484375 0.741856678125 0.47444298749999997 0.7361563515625 0.4652686765625 0.7157980453125 0.4652686765625 0.71416938125 0.4783748359375 0.716612378125 0.484927915625 0.7206840390625 0.48623853281249996 0.7206840390625 0.49279161250000003 0.719055375 0.503276540625 0.7133550484375 0.5124508515625
0 0.72578125 0.178125 0.0375 0.0734375
0 0.31171875 0.4984375 0.0359375 0.071875
0 0.246875 0.49453125 0.0265625 0.06328125
0 0.24765625 0.1875 0.028125 0.06328125
0 0.31328125 0.1890625 0.03046875 0.0796875
0 0.246875 0.79296875 0.0296875 0.06875
0 0.31328125 0.79609375 0.03203125 0.075
0 0.7265625 0.79375 0.034375 0.06953125
0 0.790625 0.7953125 0.0328125 0.065625