0 0.24609375 0.9796875 0.0265625 0.040625
0 0.309375 0.98046875 0.0296875 0.0390625
0 0.309375 0.6828125 0.03203125 0.07109375
0 0.24609375 0.6796875 0.025 0.0734375
0 0.246875 0.0640625 0.028125 0.07421875
0 0.3109375 0.06484375 0.0328125 0.0703125
0 0.31015625 0.37265625 0.03359375 0.07421875
0 0.24609375 0.36953125 0.02578125 0.071875
0 0.725 0.0609375 0.03203125 0.07109375
0 0.78828125 0.0609375 0.03203125 0.07109375
0 0.72421875 0.37421875 0.034375 0.07109375
0 0.7890625 0.37421875 0.0328125 0.071875
0 0.78984375 0.68203125 0.03203125 0.071875
0 0.72421875 0.68046875 0.03203125 0.07109375
0 0.72421875 0.97890625 0.03125 0.0421875
0 0.7890625 0.98125 0.028125 0.03671875
1 0.5140625 0.965625 0.753125 0.06875
1 0.51484375 0.6765625 0.75546875 0.10625
1 0.51875 0.36640625 0.75 0.10546875
1 0.50546875 0.05234375 0.75390625 0.1046875