1 0.51484375 0.73203125 0.77265625 0.109375
1 0.51484375 0.38203125 0.771875 0.109375
1 0.51328125 0.046875 0.7734375 0.09375
0 0.23671875 0.7328125 0.02890625 0.0796875
0 0.3015625 0.73125 0.0359375 0.08671875
0 0.71796875 0.7296875 0.0375 0.08046875
0 0.784375 0.73203125 0.0390625 0.0859375
0 0.71796875 0.37734375 0.03515625 0.08125
0 0.78359375 0.37734375 0.03671875 0.08125
0 0.3015625 0.38125 0.03515625 0.07109375
0 0.23515625 0.38203125 0.034375 0.08046875
0 0.23671875 0.03828125 0.03203125 0.075
0 0.30078125 0.0375 0.04140625 0.0703125
0 0.715625 0.0296875 0.0359375 0.059375
0 0.78125 0.028125 0.03359375 0.05625