1 0.52578125 0.8875 0.77421875 0.1578125
1 0.52421875 0.55859375 0.775 0.1515625
1 0.52578125 0.24140625 0.7703125 0.16015625
0 0.234375 0.24609375 0.0484375 0.10625
0 0.3265625 0.246875 0.0625 0.10546875
0 0.23671875 0.56328125 0.04765625 0.10546875
0 0.3265625 0.5671875 0.06328125 0.10625
0 0.23671875 0.88828125 0.04921875 0.1
0 0.32734375 0.890625 0.0625 0.10625
0 0.709375 0.88671875 0.0609375 0.1
0 0.80234375 0.8859375 0.05390625 0.1
0 0.80234375 0.5609375 0.0546875 0.09921875
0 0.709375 0.56328125 0.059375 0.1
0 0.70859375 0.2421875 0.06171875 0.103125
0 0.80234375 0.24296875 0.05546875 0.10234375