1 0.453125 0.28984375 0.65078125 0.12421875
1 0.5046875 0.575 0.75546875 0.13046875
1 0.509375 0.88359375 0.76015625 0.1109375
0 0.240625 0.28828125 0.03984375 0.07109375
0 0.30703125 0.28984375 0.03984375 0.06640625
0 0.72421875 0.28828125 0.034375 0.065625
0 0.24375 0.57421875 0.03046875 0.06640625
0 0.30859375 0.5796875 0.0390625 0.06953125
0 0.721875 0.578125 0.034375 0.065625
0 0.78828125 0.58125 0.02734375 0.0671875
0 0.2453125 0.8859375 0.0234375 0.06328125
0 0.30859375 0.89296875 0.0359375 0.07109375
0 0.721875 0.88828125 0.03671875 0.059375
0 0.7875 0.8875 0.02734375 0.06171875