1 0.52578125 0.6953125 0.79140625 0.12890625
1 0.53125 0.39375 0.77734375 0.146875
1 0.53671875 0.96953125 0.78515625 0.06015625
1 0.52578125 0.08515625 0.78828125 0.11796875
0 0.246875 0.084375 0.03046875 0.06953125
0 0.3140625 0.08828125 0.0390625 0.0703125
0 0.72734375 0.090625 0.0375 0.06953125
0 0.79375 0.090625 0.0328125 0.06875
0 0.728125 0.39375 0.03359375 0.07734375
0 0.79296875 0.39140625 0.03203125 0.0671875
0 0.24765625 0.39140625 0.0328125 0.0703125
0 0.3140625 0.39375 0.034375 0.06953125
0 0.24921875 0.70078125 0.0265625 0.07421875
0 0.31328125 0.703125 0.03046875 0.0703125
0 0.728125 0.69765625 0.0359375 0.07265625
0 0.7953125 0.696875 0.02890625 0.0734375
0 0.796875 0.98828125 0.0234375 0.0234375
0 0.72890625 0.98671875 0.0390625 0.0265625
0 0.24921875 0.9875 0.0296875 0.02421875
0 0.315625 0.98671875 0.0328125 0.0265625