1 0.51640625 0.58828125 0.79609375 0.21015625
1 0.5171875 0.89921875 0.79765625 0.1703125
1 0.5203125 0.2875 0.78359375 0.20546875
1 0.51484375 0.03515625 0.7984375 0.06953125
0 0.22578125 0.27109375 0.05 0.09453125
0 0.31953125 0.26875 0.05703125 0.0859375
0 0.22734375 0.5890625 0.053125 0.09296875
0 0.31875 0.58984375 0.059375 0.0875
0 0.2265625 0.896875 0.05078125 0.1
0 0.315625 0.896875 0.06328125 0.09765625
0 0.7015625 0.896875 0.0578125 0.0984375
0 0.79453125 0.9 0.06328125 0.10390625
0 0.70078125 0.596875 0.07265625 0.0921875
0 0.79296875 0.59921875 0.0578125 0.0859375
0 0.70234375 0.2828125 0.0609375 0.1
0 0.79453125 0.28828125 0.05390625 0.096875
0 0.7015625 0.01796875 0.0625 0.0359375
0 0.79375 0.01875 0.053125 0.0375
0 0.22421875 0.01484375 0.0484375 0.0296875
0 0.31953125 0.01484375 0.06015625 0.02890625