1 0.52421875 0.1625 0.7734375 0.11796875
1 0.5265625 0.4515625 0.76796875 0.1296875
1 0.52265625 0.74609375 0.7640625 0.115625
0 0.24453125 0.16640625 0.02734375 0.06796875
0 0.31015625 0.16953125 0.03984375 0.06640625
0 0.7234375 0.1640625 0.046875 0.07109375
0 0.7890625 0.1625 0.034375 0.0625
0 0.79140625 0.4578125 0.03515625 0.07578125
0 0.725 0.45859375 0.040625 0.0734375
0 0.31015625 0.453125 0.0390625 0.0703125
0 0.24453125 0.4484375 0.03203125 0.06875
0 0.24453125 0.7453125 0.03203125 0.0734375
0 0.31015625 0.75234375 0.0390625 0.0703125
0 0.725 0.7484375 0.0390625 0.0734375
0 0.790625 0.74609375 0.03671875 0.06953125