1 0.515625 0.04375 0.77109375 0.0828125
1 0.52265625 0.315625 0.7828125 0.0890625
1 0.5171875 0.61640625 0.771875 0.10546875
1 0.51875 0.91640625 0.771875 0.13203125
0 0.2390625 0.0296875 0.03359375 0.05859375
0 0.30546875 0.025 0.0328125 0.05
0 0.71796875 0.02890625 0.034375 0.0578125
0 0.7859375 0.0265625 0.040625 0.053125
0 0.2390625 0.31875 0.03046875 0.0765625
0 0.3046875 0.31171875 0.0359375 0.08359375
0 0.72109375 0.30703125 0.0359375 0.07578125
0 0.7890625 0.3078125 0.03671875 0.0734375
0 0.240625 0.6171875 0.03203125 0.07578125
0 0.30625 0.61171875 0.04921875 0.08125
0 0.721875 0.60625 0.03984375 0.07734375
0 0.78671875 0.603125 0.03515625 0.07421875
0 0.240625 0.91328125 0.04140625 0.07890625
0 0.30625 0.9140625 0.040625 0.075
0 0.721875 0.9140625 0.03671875 0.075
0 0.7859375 0.9140625 0.034375 0.07890625