1 0.5203125 0.40390625 0.78515625 0.13125
1 0.5265625 0.7484375 0.79140625 0.153125
1 0.51953125 0.0546875 0.7828125 0.10234375
0 0.2421875 0.746875 0.0296875 0.0796875
0 0.30859375 0.746875 0.03671875 0.0765625
0 0.2421875 0.40625 0.025 0.0734375
0 0.30859375 0.409375 0.0328125 0.08203125
0 0.30625 0.05078125 0.03046875 0.0765625
0 0.2390625 0.05078125 0.03359375 0.07734375
0 0.72109375 0.7515625 0.0375 0.08515625
0 0.78828125 0.74921875 0.03125 0.075
0 0.721875 0.41015625 0.0328125 0.0765625
0 0.7875 0.40859375 0.03203125 0.07890625
0 0.78515625 0.04296875 0.034375 0.06875
0 0.7203125 0.04453125 0.03828125 0.07421875