0 0.2421875 0.203125 0.0265625 0.08671875
0 0.30703125 0.20546875 0.034375 0.08671875
0 0.7203125 0.2125 0.034375 0.08828125
0 0.7859375 0.2125 0.0359375 0.0859375
0 0.78671875 0.5921875 0.03359375 0.0875
0 0.721875 0.5890625 0.0390625 0.0890625
0 0.24375 0.5671875 0.02578125 0.09375
0 0.30703125 0.571875 0.03984375 0.08671875
0 0.24140625 0.95234375 0.028125 0.0875
0 0.30703125 0.95234375 0.034375 0.08671875
0 0.7203125 0.95546875 0.034375 0.08515625
0 0.78671875 0.95625 0.03203125 0.0875
1 0.51328125 0.20078125 0.74921875 0.13359375
1 0.51171875 0.56796875 0.74609375 0.14765625
1 0.5015625 0.9375 0.74375 0.125