0 0.2390625 0.765625 0.03125 0.06875
0 0.3046875 0.76171875 0.0328125 0.06796875
0 0.23984375 0.45859375 0.03046875 0.06875
0 0.3046875 0.45546875 0.03359375 0.06953125
0 0.30546875 0.15078125 0.034375 0.06953125
0 0.2390625 0.15390625 0.03359375 0.06875
0 0.7203125 0.14609375 0.0390625 0.0671875
0 0.7859375 0.1484375 0.0296875 0.07265625
0 0.7859375 0.45546875 0.028125 0.07109375
0 0.72265625 0.45390625 0.0328125 0.06796875
0 0.72109375 0.75625 0.0296875 0.07265625
0 0.784375 0.75703125 0.0296875 0.0671875
1 0.471875 0.7640625 0.68359375 0.09453125
1 0.47265625 0.4578125 0.68203125 0.0984375
1 0.490625 0.1578125 0.7 0.0875