1 0.53359375 0.803125 0.75625 0.13359375
1 0.52890625 0.40625 0.76171875 0.1328125
1 0.52578125 0.03671875 0.77109375 0.07265625
0 0.2453125 0.8046875 0.02734375 0.090625
0 0.31015625 0.80859375 0.03203125 0.0875
0 0.24453125 0.41015625 0.0296875 0.08828125
0 0.31015625 0.4125 0.03671875 0.09296875
0 0.24296875 0.0296875 0.0265625 0.059375
0 0.31171875 0.03125 0.0359375 0.0625
0 0.78828125 0.02265625 0.0328125 0.04453125
0 0.721875 0.02578125 0.034375 0.0515625
0 0.72265625 0.41171875 0.03515625 0.0921875
0 0.7890625 0.4125 0.03515625 0.09296875
0 0.78984375 0.81484375 0.034375 0.090625
0 0.721875 0.8109375 0.03359375 0.0859375