1 0.515625 0.1890625 0.7828125 0.15
1 0.51640625 0.50078125 0.7796875 0.146875
1 0.51171875 0.78125 0.78125 0.12890625
0 0.2265625 0.775 0.053125 0.09140625
0 0.31796875 0.77109375 0.06328125 0.0921875
0 0.7015625 0.76640625 0.0625 0.09375
0 0.79375 0.76875 0.0546875 0.0875
0 0.7953125 0.4890625 0.05390625 0.090625
0 0.7015625 0.490625 0.06328125 0.09375
0 0.70390625 0.18203125 0.06328125 0.09609375
0 0.79453125 0.18359375 0.0546875 0.0921875
0 0.2265625 0.184375 0.0515625 0.09296875
0 0.31875 0.18203125 0.0640625 0.09296875
0 0.22734375 0.4984375 0.05078125 0.0921875
0 0.31875 0.49609375 0.06328125 0.09296875