0 0.24296875 0.20703125 0.03046875 0.08125
0 0.3109375 0.21484375 0.03984375 0.08125
0 0.72109375 0.21328125 0.03671875 0.078125
0 0.7859375 0.215625 0.03671875 0.08515625
0 0.24375 0.53671875 0.0328125 0.07734375
0 0.3078125 0.5421875 0.0421875 0.0859375
0 0.721875 0.53828125 0.03359375 0.0828125
0 0.784375 0.53828125 0.03515625 0.07421875
0 0.2421875 0.8625 0.03671875 0.0859375
0 0.309375 0.87109375 0.03671875 0.08203125
0 0.721875 0.865625 0.03671875 0.08203125
0 0.7875 0.865625 0.034375 0.075
1 0.51953125 0.20078125 0.7875 0.1453125
1 0.52109375 0.5359375 0.77578125 0.128125
1 0.52109375 0.85625 0.77578125 0.13203125