1 0.5390625 0.05625 0.775 0.1125
1 0.53359375 0.37265625 0.77265625 0.1421875
1 0.54296875 0.678125 0.7734375 0.125
1 0.5390625 0.96640625 0.7609375 0.0671875
0 0.25 0.05859375 0.03359375 0.08515625
0 0.3171875 0.059375 0.0421875 0.07734375
0 0.72734375 0.0546875 0.03984375 0.078125
0 0.7984375 0.05390625 0.040625 0.0796875
0 0.2484375 0.37265625 0.0375 0.08203125
0 0.31640625 0.375 0.0390625 0.08046875
0 0.7296875 0.3828125 0.0375 0.0765625
0 0.7953125 0.3859375 0.03984375 0.0765625
0 0.25078125 0.67734375 0.03671875 0.078125
0 0.31328125 0.67890625 0.03984375 0.08203125
0 0.72890625 0.67578125 0.0390625 0.0796875
0 0.79609375 0.67578125 0.03828125 0.078125
0 0.24921875 0.9765625 0.0328125 0.046875
0 0.3140625 0.9765625 0.03359375 0.046875
0 0.7265625 0.97265625 0.0375 0.0546875
0 0.79765625 0.971875 0.03984375 0.05625