0 0.24140625 0.21953125 0.0359375 0.0765625
0 0.30546875 0.2171875 0.0375 0.07734375
0 0.7203125 0.2125 0.040625 0.0734375
0 0.7859375 0.2140625 0.034375 0.075
0 0.2390625 0.5203125 0.03515625 0.07109375
0 0.30625 0.52265625 0.0359375 0.07578125
0 0.721875 0.51484375 0.040625 0.075
0 0.7859375 0.5140625 0.03203125 0.06875
1 0.51328125 0.83046875 0.7828125 0.1203125
0 0.2421875 0.828125 0.034375 0.0734375
0 0.30625 0.825 0.03828125 0.07734375
0 0.7203125 0.8234375 0.03671875 0.07421875
0 0.7875 0.82578125 0.0375 0.0734375
1 0.515625 0.221875 0.77421875 0.11171875
1 0.51796875 0.52578125 0.77578125 0.1109375