0 0.2453125 0.278125 0.0328125 0.08125
0 0.31015625 0.28203125 0.0375 0.08125
0 0.725 0.275 0.0375 0.0921875
0 0.78828125 0.2765625 0.03515625 0.08984375
0 0.2453125 0.6078125 0.03203125 0.090625
0 0.31015625 0.61171875 0.03984375 0.0875
0 0.72265625 0.60625 0.03671875 0.0828125
0 0.78671875 0.6015625 0.0390625 0.0875
0 0.24296875 0.98359375 0.028125 0.0328125
0 0.3109375 0.98203125 0.03359375 0.03515625
0 0.7234375 0.9765625 0.034375 0.046875
0 0.79140625 0.975 0.034375 0.05
1 0.52421875 0.27109375 0.7828125 0.14140625
1 0.52421875 0.59765625 0.78515625 0.13359375
1 0.52578125 0.97265625 0.78671875 0.0546875