1 0.5234375 0.0671875 0.75859375 0.11796875
1 0.51875 0.36484375 0.7953125 0.1265625
1 0.51953125 0.6578125 0.80078125 0.13828125
1 0.52265625 0.94609375 0.78046875 0.1078125
0 0.246875 0.65703125 0.0328125 0.08203125
0 0.309375 0.6640625 0.040625 0.07734375
0 0.2453125 0.3578125 0.0359375 0.07578125
0 0.309375 0.36484375 0.04296875 0.084375
0 0.24609375 0.0640625 0.03515625 0.0859375
0 0.309375 0.06875 0.03984375 0.07890625
0 0.7203125 0.059375 0.04140625 0.07109375
0 0.78671875 0.0625 0.0375 0.078125
0 0.7203125 0.3625 0.040625 0.0796875
0 0.7875 0.3625 0.040625 0.0859375
0 0.72109375 0.6625 0.0421875 0.07421875
0 0.7890625 0.66171875 0.040625 0.084375
0 0.246875 0.96015625 0.0359375 0.0796875
0 0.3109375 0.95625 0.0421875 0.08046875
0 0.72265625 0.953125 0.0453125 0.0796875
0 0.7890625 0.95625 0.04375 0.08046875