1 0.5140625 0.5625 0.7703125 0.1390625
1 0.49765625 0.26875 0.7265625 0.109375
0 0.24453125 0.2765625 0.02734375 0.0703125
0 0.309375 0.27734375 0.0375 0.06875
0 0.24453125 0.57578125 0.0265625 0.06796875
0 0.31015625 0.57890625 0.0390625 0.06796875
0 0.309375 0.86953125 0.03671875 0.0734375
0 0.24296875 0.8671875 0.02578125 0.05546875
1 0.540625 0.8671875 0.73046875 0.10078125
0 0.72109375 0.865625 0.0390625 0.0734375
0 0.78671875 0.86796875 0.0328125 0.06640625
0 0.7234375 0.58046875 0.03125 0.0875
0 0.78515625 0.575 0.02890625 0.06796875
0 0.7890625 0.278125 0.03203125 0.0640625
0 0.7203125 0.27890625 0.03359375 0.0703125