1 0.5125 0.7359375 0.7671875 0.103125
1 0.5125 0.396875 0.76953125 0.12421875
1 0.51171875 0.0546875 0.7734375 0.10859375
0 0.23671875 0.7296875 0.03046875 0.0765625
0 0.3015625 0.7265625 0.034375 0.0765625
0 0.303125 0.38203125 0.03515625 0.0796875
0 0.2375 0.3828125 0.03125 0.08046875
0 0.23515625 0.0484375 0.03125 0.08046875
0 0.303125 0.0453125 0.034375 0.075
0 0.7171875 0.0390625 0.03515625 0.0765625
0 0.78359375 0.03828125 0.03359375 0.07578125
0 0.71640625 0.38828125 0.034375 0.08125
0 0.7828125 0.3875 0.03359375 0.084375
0 0.7171875 0.72421875 0.034375 0.078125
0 0.78359375 0.725 0.034375 0.07578125