0 0.24375 0.95078125 0.02890625 0.06796875
0 0.3078125 0.95390625 0.0359375 0.0671875
0 0.72265625 0.9515625 0.03515625 0.07109375
0 0.78984375 0.95234375 0.03203125 0.065625
0 0.721875 0.63984375 0.034375 0.06796875
0 0.7890625 0.63828125 0.034375 0.0671875
0 0.78828125 0.3328125 0.03203125 0.065625
0 0.7234375 0.33359375 0.03359375 0.06171875
0 0.7875 0.04921875 0.034375 0.06640625
0 0.72109375 0.05 0.034375 0.06875
0 0.309375 0.04765625 0.034375 0.06640625
0 0.24375 0.04375 0.03046875 0.06484375
0 0.24453125 0.3390625 0.0265625 0.065625
0 0.30859375 0.33828125 0.03515625 0.06796875
0 0.309375 0.64765625 0.03359375 0.0671875
0 0.24375 0.646875 0.03203125 0.0640625
1 0.51953125 0.94765625 0.7765625 0.1046875
1 0.5203125 0.63984375 0.775 0.1
1 0.52734375 0.33359375 0.76328125 0.0921875
1 0.52578125 0.04609375 0.76953125 0.0921875