1 0.5015625 0.13828125 0.75546875 0.14453125
1 0.50078125 0.44453125 0.75546875 0.14140625
1 0.484375 0.79921875 0.7109375 0.128125
0 0.24296875 0.1390625 0.034375 0.0734375
0 0.31171875 0.1484375 0.03671875 0.06953125
0 0.721875 0.15 0.0375 0.06640625
0 0.78984375 0.14921875 0.03828125 0.08046875
0 0.79140625 0.459375 0.0328125 0.075
0 0.725 0.4578125 0.03828125 0.07109375
0 0.31015625 0.45390625 0.0359375 0.0765625
0 0.24453125 0.4515625 0.02890625 0.06796875
0 0.24296875 0.8015625 0.02578125 0.06171875
0 0.31171875 0.8046875 0.03515625 0.06328125
0 0.7234375 0.80234375 0.0328125 0.05859375
0 0.7890625 0.8046875 0.034375 0.05546875