1 0.525 0.09375 0.78125 0.18203125
1 0.525 0.4015625 0.76953125 0.1875
1 0.5234375 0.709375 0.7796875 0.165625
1 0.52734375 0.9703125 0.77890625 0.05859375
0 0.23515625 0.08515625 0.059375 0.115625
0 0.3265625 0.0953125 0.06328125 0.11640625
0 0.70390625 0.090625 0.0640625 0.11640625
0 0.8015625 0.0921875 0.06328125 0.11953125
0 0.2328125 0.3953125 0.0578125 0.10859375
0 0.32265625 0.3921875 0.06640625 0.1234375
0 0.70390625 0.3921875 0.06328125 0.11015625
0 0.79921875 0.40078125 0.06328125 0.1171875
0 0.2375 0.70234375 0.05859375 0.10390625
0 0.3234375 0.7109375 0.06796875 0.10546875
0 0.7046875 0.70390625 0.0671875 0.10859375
0 0.79765625 0.7078125 0.065625 0.1046875
0 0.2328125 0.98046875 0.04765625 0.0390625
0 0.32578125 0.984375 0.06484375 0.03125
0 0.70390625 0.9859375 0.0609375 0.02734375
0 0.7984375 0.98515625 0.059375 0.0296875