1 0.52421875 0.046875 0.7921875 0.09375
1 0.52421875 0.3375 0.79375 0.12734375
1 0.52578125 0.63515625 0.7890625 0.13515625
1 0.52265625 0.9203125 0.80234375 0.12890625
0 0.2484375 0.03984375 0.0359375 0.0796875
0 0.31484375 0.03984375 0.03671875 0.07734375
0 0.72421875 0.0375 0.0359375 0.075
0 0.7890625 0.0421875 0.0375 0.07109375
0 0.2484375 0.33359375 0.02890625 0.07578125
0 0.3125 0.33671875 0.0359375 0.08125
0 0.72578125 0.34296875 0.0390625 0.08046875
0 0.78984375 0.3421875 0.03984375 0.0796875
0 0.246875 0.628125 0.03671875 0.08515625
0 0.31484375 0.63671875 0.0390625 0.09375
0 0.725 0.63984375 0.0359375 0.0765625
0 0.79296875 0.64140625 0.0375 0.08203125
0 0.24765625 0.915625 0.034375 0.08125
0 0.31171875 0.9171875 0.0390625 0.075
0 0.7234375 0.91796875 0.0390625 0.08046875
0 0.7890625 0.921875 0.0390625 0.0875